"HP4396A REV1.01"
"DATE: Dec  6 1992"



"CHANNEL: 1"
"MEASURE TYPE: A/R"
"FORMAT TYPE: LOG MAG"
"NUMBER of POINTS: 801"
"SWEEP TIME:  280 ms"
"SWEEP TYPE: LIN FREQ"
"SOURCE POWER:  3.3 dBm"
"IF BANDWIDTH:  40 kHz"

"Frequency"	"Data Trace Real"	"Data Trace Imag"	"Memory Trace Real"	"Memory Trace Imag"
1.000000000000E+05	-1.767183E+01	0.000000E+00	-1.510051E+01	0.000000E+00
1.017500000000E+05	-1.711890E+01	0.000000E+00	-1.509889E+01	0.000000E+00
1.035000000000E+05	-1.570201E+01	0.000000E+00	-1.515604E+01	0.000000E+00
1.052500000000E+05	-1.929085E+01	0.000000E+00	-1.525012E+01	0.000000E+00
1.070000000000E+05	-1.888685E+01	0.000000E+00	-1.536042E+01	0.000000E+00
1.087500000000E+05	-2.087126E+01	0.000000E+00	-1.532117E+01	0.000000E+00
1.105000000000E+05	-1.541819E+01	0.000000E+00	-1.515347E+01	0.000000E+00
1.122500000000E+05	-1.639303E+01	0.000000E+00	-1.532113E+01	0.000000E+00
1.140000000000E+05	-1.949837E+01	0.000000E+00	-1.532306E+01	0.000000E+00
1.157500000000E+05	-2.147530E+01	0.000000E+00	-1.520048E+01	0.000000E+00
1.175000000000E+05	-2.089519E+01	0.000000E+00	-1.535763E+01	0.000000E+00
1.192500000000E+05	-1.636773E+01	0.000000E+00	-1.525074E+01	0.000000E+00
1.210000000000E+05	-1.542200E+01	0.000000E+00	-1.529828E+01	0.000000E+00
1.227500000000E+05	-2.065183E+01	0.000000E+00	-1.541780E+01	0.000000E+00
1.245000000000E+05	-1.607119E+01	0.000000E+00	-1.520996E+01	0.000000E+00
1.262500000000E+05	-1.819647E+01	0.000000E+00	-1.524993E+01	0.000000E+00
1.280000000000E+05	-1.754363E+01	0.000000E+00	-1.539586E+01	0.000000E+00
1.297500000000E+05	-1.962164E+01	0.000000E+00	-1.543145E+01	0.000000E+00
1.315000000000E+05	-1.747909E+01	0.000000E+00	-1.542943E+01	0.000000E+00
1.332500000000E+05	-1.824971E+01	0.000000E+00	-1.542588E+01	0.000000E+00
1.350000000000E+05	-1.848703E+01	0.000000E+00	-1.540150E+01	0.000000E+00
1.367500000000E+05	-1.726392E+01	0.000000E+00	-1.544352E+01	0.000000E+00
1.385000000000E+05	-1.778351E+01	0.000000E+00	-1.545140E+01	0.000000E+00
1.402500000000E+05	-1.787213E+01	0.000000E+00	-1.545281E+01	0.000000E+00
1.420000000000E+05	-1.786638E+01	0.000000E+00	-1.533558E+01	0.000000E+00
1.437500000000E+05	-1.729093E+01	0.000000E+00	-1.528132E+01	0.000000E+00
1.455000000000E+05	-1.831560E+01	0.000000E+00	-1.544045E+01	0.000000E+00
1.472500000000E+05	-1.784805E+01	0.000000E+00	-1.547092E+01	0.000000E+00
1.490000000000E+05	-1.886068E+01	0.000000E+00	-1.532385E+01	0.000000E+00
1.507500000000E+05	-1.664785E+01	0.000000E+00	-1.552813E+01	0.000000E+00
1.525000000000E+05	-1.770167E+01	0.000000E+00	-1.535084E+01	0.000000E+00
1.542500000000E+05	-1.762632E+01	0.000000E+00	-1.552047E+01	0.000000E+00
1.560000000000E+05	-1.674284E+01	0.000000E+00	-1.536718E+01	0.000000E+00
1.577500000000E+05	-1.643384E+01	0.000000E+00	-1.541855E+01	0.000000E+00
1.595000000000E+05	-1.848818E+01	0.000000E+00	-1.551207E+01	0.000000E+00
1.612500000000E+05	-1.826190E+01	0.000000E+00	-1.540744E+01	0.000000E+00
1.630000000000E+05	-1.875634E+01	0.000000E+00	-1.537229E+01	0.000000E+00
1.647500000000E+05	-1.726188E+01	0.000000E+00	-1.538071E+01	0.000000E+00
1.665000000000E+05	-1.755284E+01	0.000000E+00	-1.544582E+01	0.000000E+00
1.682500000000E+05	-1.810539E+01	0.000000E+00	-1.545735E+01	0.000000E+00
1.700000000000E+05	-1.830838E+01	0.000000E+00	-1.546272E+01	0.000000E+00
1.717500000000E+05	-1.817636E+01	0.000000E+00	-1.544077E+01	0.000000E+00
1.735000000000E+05	-1.759648E+01	0.000000E+00	-1.539109E+01	0.000000E+00
1.752500000000E+05	-1.765961E+01	0.000000E+00	-1.537072E+01	0.000000E+00
1.770000000000E+05	-1.786175E+01	0.000000E+00	-1.540923E+01	0.000000E+00
1.787500000000E+05	-1.775148E+01	0.000000E+00	-1.549917E+01	0.000000E+00
1.805000000000E+05	-1.768999E+01	0.000000E+00	-1.547126E+01	0.000000E+00
1.822500000000E+05	-1.774217E+01	0.000000E+00	-1.538563E+01	0.000000E+00
1.840000000000E+05	-1.766296E+01	0.000000E+00	-1.550059E+01	0.000000E+00
1.857500000000E+05	-1.782823E+01	0.000000E+00	-1.539298E+01	0.000000E+00
1.875000000000E+05	-1.754369E+01	0.000000E+00	-1.546635E+01	0.000000E+00
1.892500000000E+05	-1.744542E+01	0.000000E+00	-1.540307E+01	0.000000E+00
1.910000000000E+05	-1.793526E+01	0.000000E+00	-1.550430E+01	0.000000E+00
1.927500000000E+05	-1.784588E+01	0.000000E+00	-1.543213E+01	0.000000E+00
1.945000000000E+05	-1.785673E+01	0.000000E+00	-1.544093E+01	0.000000E+00
1.962500000000E+05	-1.752030E+01	0.000000E+00	-1.550405E+01	0.000000E+00
1.980000000000E+05	-1.745077E+01	0.000000E+00	-1.547894E+01	0.000000E+00
1.997500000000E+05	-1.781059E+01	0.000000E+00	-1.547899E+01	0.000000E+00
2.015000000000E+05	-1.802128E+01	0.000000E+00	-1.543856E+01	0.000000E+00
2.032500000000E+05	-1.813031E+01	0.000000E+00	-1.547017E+01	0.000000E+00
2.050000000000E+05	-1.723297E+01	0.000000E+00	-1.544434E+01	0.000000E+00
2.067500000000E+05	-1.726415E+01	0.000000E+00	-1.544768E+01	0.000000E+00
2.085000000000E+05	-1.793715E+01	0.000000E+00	-1.548607E+01	0.000000E+00
2.102500000000E+05	-1.719003E+01	0.000000E+00	-1.550527E+01	0.000000E+00
2.120000000000E+05	-1.740637E+01	0.000000E+00	-1.553166E+01	0.000000E+00
2.137500000000E+05	-1.763169E+01	0.000000E+00	-1.548908E+01	0.000000E+00
2.155000000000E+05	-1.777975E+01	0.000000E+00	-1.550098E+01	0.000000E+00
2.172500000000E+05	-1.756870E+01	0.000000E+00	-1.555425E+01	0.000000E+00
2.190000000000E+05	-1.755580E+01	0.000000E+00	-1.554730E+01	0.000000E+00
2.207500000000E+05	-1.755057E+01	0.000000E+00	-1.553128E+01	0.000000E+00
2.225000000000E+05	-1.764503E+01	0.000000E+00	-1.551063E+01	0.000000E+00
2.242500000000E+05	-1.753152E+01	0.000000E+00	-1.555982E+01	0.000000E+00
2.260000000000E+05	-1.764257E+01	0.000000E+00	-1.553578E+01	0.000000E+00
2.277500000000E+05	-1.739246E+01	0.000000E+00	-1.557942E+01	0.000000E+00
2.295000000000E+05	-1.726933E+01	0.000000E+00	-1.557041E+01	0.000000E+00
2.312500000000E+05	-1.768677E+01	0.000000E+00	-1.556447E+01	0.000000E+00
2.330000000000E+05	-1.735852E+01	0.000000E+00	-1.558667E+01	0.000000E+00
2.347500000000E+05	-1.759198E+01	0.000000E+00	-1.562080E+01	0.000000E+00
2.365000000000E+05	-1.735149E+01	0.000000E+00	-1.559489E+01	0.000000E+00
2.382500000000E+05	-1.749658E+01	0.000000E+00	-1.559174E+01	0.000000E+00
2.400000000000E+05	-1.728925E+01	0.000000E+00	-1.559238E+01	0.000000E+00
2.417500000000E+05	-1.739047E+01	0.000000E+00	-1.561003E+01	0.000000E+00
2.435000000000E+05	-1.732694E+01	0.000000E+00	-1.562147E+01	0.000000E+00
2.452500000000E+05	-1.740109E+01	0.000000E+00	-1.562954E+01	0.000000E+00
2.470000000000E+05	-1.736158E+01	0.000000E+00	-1.564225E+01	0.000000E+00
2.487500000000E+05	-1.746445E+01	0.000000E+00	-1.566894E+01	0.000000E+00
2.505000000000E+05	-1.730271E+01	0.000000E+00	-1.565127E+01	0.000000E+00
2.522500000000E+05	-1.733178E+01	0.000000E+00	-1.566252E+01	0.000000E+00
2.540000000000E+05	-1.737231E+01	0.000000E+00	-1.570525E+01	0.000000E+00
2.557500000000E+05	-1.736149E+01	0.000000E+00	-1.565349E+01	0.000000E+00
2.575000000000E+05	-1.734278E+01	0.000000E+00	-1.569217E+01	0.000000E+00
2.592500000000E+05	-1.735998E+01	0.000000E+00	-1.566761E+01	0.000000E+00
2.610000000000E+05	-1.732231E+01	0.000000E+00	-1.568493E+01	0.000000E+00
2.627500000000E+05	-1.731189E+01	0.000000E+00	-1.570475E+01	0.000000E+00
2.645000000000E+05	-1.730829E+01	0.000000E+00	-1.565920E+01	0.000000E+00
2.662500000000E+05	-1.729307E+01	0.000000E+00	-1.567636E+01	0.000000E+00
2.680000000000E+05	-1.732113E+01	0.000000E+00	-1.572919E+01	0.000000E+00
2.697500000000E+05	-1.731892E+01	0.000000E+00	-1.572962E+01	0.000000E+00
2.715000000000E+05	-1.725546E+01	0.000000E+00	-1.569474E+01	0.000000E+00
2.732500000000E+05	-1.728370E+01	0.000000E+00	-1.569566E+01	0.000000E+00
2.750000000000E+05	-1.729700E+01	0.000000E+00	-1.567070E+01	0.000000E+00
2.767500000000E+05	-1.710081E+01	0.000000E+00	-1.570703E+01	0.000000E+00
2.785000000000E+05	-1.720844E+01	0.000000E+00	-1.571899E+01	0.000000E+00
2.802500000000E+05	-1.708531E+01	0.000000E+00	-1.572402E+01	0.000000E+00
2.820000000000E+05	-1.725805E+01	0.000000E+00	-1.571104E+01	0.000000E+00
2.837500000000E+05	-1.727659E+01	0.000000E+00	-1.566369E+01	0.000000E+00
2.855000000000E+05	-1.705171E+01	0.000000E+00	-1.569967E+01	0.000000E+00
2.872500000000E+05	-1.708668E+01	0.000000E+00	-1.572209E+01	0.000000E+00
2.890000000000E+05	-1.701728E+01	0.000000E+00	-1.566956E+01	0.000000E+00
2.907500000000E+05	-1.715835E+01	0.000000E+00	-1.575119E+01	0.000000E+00
2.925000000000E+05	-1.711399E+01	0.000000E+00	-1.567059E+01	0.000000E+00
2.942500000000E+05	-1.705194E+01	0.000000E+00	-1.575786E+01	0.000000E+00
2.960000000000E+05	-1.706685E+01	0.000000E+00	-1.568781E+01	0.000000E+00
2.977500000000E+05	-1.704133E+01	0.000000E+00	-1.572941E+01	0.000000E+00
2.995000000000E+05	-1.702620E+01	0.000000E+00	-1.576120E+01	0.000000E+00
3.012500000000E+05	-1.698938E+01	0.000000E+00	-1.570681E+01	0.000000E+00
3.030000000000E+05	-1.697784E+01	0.000000E+00	-1.567422E+01	0.000000E+00
3.047500000000E+05	-1.695720E+01	0.000000E+00	-1.574016E+01	0.000000E+00
3.065000000000E+05	-1.694618E+01	0.000000E+00	-1.579826E+01	0.000000E+00
3.082500000000E+05	-1.690143E+01	0.000000E+00	-1.581369E+01	0.000000E+00
3.100000000000E+05	-1.695720E+01	0.000000E+00	-1.579704E+01	0.000000E+00
3.117500000000E+05	-1.689218E+01	0.000000E+00	-1.580764E+01	0.000000E+00
3.135000000000E+05	-1.686928E+01	0.000000E+00	-1.578300E+01	0.000000E+00
3.152500000000E+05	-1.686119E+01	0.000000E+00	-1.577186E+01	0.000000E+00
3.170000000000E+05	-1.689465E+01	0.000000E+00	-1.573033E+01	0.000000E+00
3.187500000000E+05	-1.681538E+01	0.000000E+00	-1.581503E+01	0.000000E+00
3.205000000000E+05	-1.681463E+01	0.000000E+00	-1.586690E+01	0.000000E+00
3.222500000000E+05	-1.670811E+01	0.000000E+00	-1.577704E+01	0.000000E+00
3.240000000000E+05	-1.665431E+01	0.000000E+00	-1.588509E+01	0.000000E+00
3.257500000000E+05	-1.668172E+01	0.000000E+00	-1.582076E+01	0.000000E+00
3.275000000000E+05	-1.663884E+01	0.000000E+00	-1.587199E+01	0.000000E+00
3.292500000000E+05	-1.658668E+01	0.000000E+00	-1.582285E+01	0.000000E+00
3.310000000000E+05	-1.663653E+01	0.000000E+00	-1.591700E+01	0.000000E+00
3.327500000000E+05	-1.656284E+01	0.000000E+00	-1.583502E+01	0.000000E+00
3.345000000000E+05	-1.653314E+01	0.000000E+00	-1.590726E+01	0.000000E+00
3.362500000000E+05	-1.647556E+01	0.000000E+00	-1.595540E+01	0.000000E+00
3.380000000000E+05	-1.641719E+01	0.000000E+00	-1.594143E+01	0.000000E+00
3.397500000000E+05	-1.641548E+01	0.000000E+00	-1.587512E+01	0.000000E+00
3.415000000000E+05	-1.634914E+01	0.000000E+00	-1.585376E+01	0.000000E+00
3.432500000000E+05	-1.634182E+01	0.000000E+00	-1.586596E+01	0.000000E+00
3.450000000000E+05	-1.621779E+01	0.000000E+00	-1.584997E+01	0.000000E+00
3.467500000000E+05	-1.609368E+01	0.000000E+00	-1.589155E+01	0.000000E+00
3.485000000000E+05	-1.606906E+01	0.000000E+00	-1.586616E+01	0.000000E+00
3.502500000000E+05	-1.607093E+01	0.000000E+00	-1.590076E+01	0.000000E+00
3.520000000000E+05	-1.603630E+01	0.000000E+00	-1.596704E+01	0.000000E+00
3.537500000000E+05	-1.665499E+01	0.000000E+00	-1.594260E+01	0.000000E+00
3.555000000000E+05	-1.761377E+01	0.000000E+00	-1.586480E+01	0.000000E+00
3.572500000000E+05	-1.773833E+01	0.000000E+00	-1.593727E+01	0.000000E+00
3.590000000000E+05	-1.750017E+01	0.000000E+00	-1.593124E+01	0.000000E+00
3.607500000000E+05	-1.721222E+01	0.000000E+00	-1.589234E+01	0.000000E+00
3.625000000000E+05	-1.702783E+01	0.000000E+00	-1.596179E+01	0.000000E+00
3.642500000000E+05	-1.699726E+01	0.000000E+00	-1.589979E+01	0.000000E+00
3.660000000000E+05	-1.691479E+01	0.000000E+00	-1.597065E+01	0.000000E+00
3.677500000000E+05	-1.686123E+01	0.000000E+00	-1.598528E+01	0.000000E+00
3.695000000000E+05	-1.681215E+01	0.000000E+00	-1.590968E+01	0.000000E+00
3.712500000000E+05	-1.671440E+01	0.000000E+00	-1.593490E+01	0.000000E+00
3.730000000000E+05	-1.669567E+01	0.000000E+00	-1.599815E+01	0.000000E+00
3.747500000000E+05	-1.661873E+01	0.000000E+00	-1.602840E+01	0.000000E+00
3.765000000000E+05	-1.658544E+01	0.000000E+00	-1.600509E+01	0.000000E+00
3.782500000000E+05	-1.654613E+01	0.000000E+00	-1.601758E+01	0.000000E+00
3.800000000000E+05	-1.650455E+01	0.000000E+00	-1.600249E+01	0.000000E+00
3.817500000000E+05	-1.647205E+01	0.000000E+00	-1.601915E+01	0.000000E+00
3.835000000000E+05	-1.644419E+01	0.000000E+00	-1.604577E+01	0.000000E+00
3.852500000000E+05	-1.641197E+01	0.000000E+00	-1.603944E+01	0.000000E+00
3.870000000000E+05	-1.636750E+01	0.000000E+00	-1.602642E+01	0.000000E+00
3.887500000000E+05	-1.638239E+01	0.000000E+00	-1.592874E+01	0.000000E+00
3.905000000000E+05	-1.629035E+01	0.000000E+00	-1.605141E+01	0.000000E+00
3.922500000000E+05	-1.629155E+01	0.000000E+00	-1.606913E+01	0.000000E+00
3.940000000000E+05	-1.627988E+01	0.000000E+00	-1.597548E+01	0.000000E+00
3.957500000000E+05	-1.625181E+01	0.000000E+00	-1.607396E+01	0.000000E+00
3.975000000000E+05	-1.625651E+01	0.000000E+00	-1.598691E+01	0.000000E+00
3.992500000000E+05	-1.616850E+01	0.000000E+00	-1.610289E+01	0.000000E+00
4.010000000000E+05	-1.614452E+01	0.000000E+00	-1.604069E+01	0.000000E+00
4.027500000000E+05	-1.615870E+01	0.000000E+00	-1.607839E+01	0.000000E+00
4.045000000000E+05	-1.606952E+01	0.000000E+00	-1.613791E+01	0.000000E+00
4.062500000000E+05	-1.606952E+01	0.000000E+00	-1.602862E+01	0.000000E+00
4.080000000000E+05	-1.605626E+01	0.000000E+00	-1.604510E+01	0.000000E+00
4.097500000000E+05	-1.603933E+01	0.000000E+00	-1.605769E+01	0.000000E+00
4.115000000000E+05	-1.599388E+01	0.000000E+00	-1.611430E+01	0.000000E+00
4.132500000000E+05	-1.597848E+01	0.000000E+00	-1.612791E+01	0.000000E+00
4.150000000000E+05	-1.595309E+01	0.000000E+00	-1.614672E+01	0.000000E+00
4.167500000000E+05	-1.591130E+01	0.000000E+00	-1.612470E+01	0.000000E+00
4.185000000000E+05	-1.589565E+01	0.000000E+00	-1.612410E+01	0.000000E+00
4.202500000000E+05	-1.586358E+01	0.000000E+00	-1.609311E+01	0.000000E+00
4.220000000000E+05	-1.584408E+01	0.000000E+00	-1.609017E+01	0.000000E+00
4.237500000000E+05	-1.581073E+01	0.000000E+00	-1.614830E+01	0.000000E+00
4.255000000000E+05	-1.578533E+01	0.000000E+00	-1.618457E+01	0.000000E+00
4.272500000000E+05	-1.575233E+01	0.000000E+00	-1.611373E+01	0.000000E+00
4.290000000000E+05	-1.573771E+01	0.000000E+00	-1.618799E+01	0.000000E+00
4.307500000000E+05	-1.569640E+01	0.000000E+00	-1.614852E+01	0.000000E+00
4.325000000000E+05	-1.564175E+01	0.000000E+00	-1.616734E+01	0.000000E+00
4.342500000000E+05	-1.565808E+01	0.000000E+00	-1.616455E+01	0.000000E+00
4.360000000000E+05	-1.560165E+01	0.000000E+00	-1.623081E+01	0.000000E+00
4.377500000000E+05	-1.557774E+01	0.000000E+00	-1.614268E+01	0.000000E+00
4.395000000000E+05	-1.556245E+01	0.000000E+00	-1.617579E+01	0.000000E+00
4.412500000000E+05	-1.554039E+01	0.000000E+00	-1.623365E+01	0.000000E+00
4.430000000000E+05	-1.545788E+01	0.000000E+00	-1.620818E+01	0.000000E+00
4.447500000000E+05	-1.546459E+01	0.000000E+00	-1.617698E+01	0.000000E+00
4.465000000000E+05	-1.543308E+01	0.000000E+00	-1.618594E+01	0.000000E+00
4.482500000000E+05	-1.538269E+01	0.000000E+00	-1.618932E+01	0.000000E+00
4.500000000000E+05	-1.535323E+01	0.000000E+00	-1.618167E+01	0.000000E+00
4.517500000000E+05	-1.531167E+01	0.000000E+00	-1.619499E+01	0.000000E+00
4.535000000000E+05	-1.529007E+01	0.000000E+00	-1.621573E+01	0.000000E+00
4.552500000000E+05	-1.524986E+01	0.000000E+00	-1.624596E+01	0.000000E+00
4.570000000000E+05	-1.520962E+01	0.000000E+00	-1.627155E+01	0.000000E+00
4.587500000000E+05	-1.518096E+01	0.000000E+00	-1.626122E+01	0.000000E+00
4.605000000000E+05	-1.516571E+01	0.000000E+00	-1.621906E+01	0.000000E+00
4.622500000000E+05	-1.509567E+01	0.000000E+00	-1.628704E+01	0.000000E+00
4.640000000000E+05	-1.506864E+01	0.000000E+00	-1.625549E+01	0.000000E+00
4.657500000000E+05	-1.502451E+01	0.000000E+00	-1.625728E+01	0.000000E+00
4.675000000000E+05	-1.499872E+01	0.000000E+00	-1.629573E+01	0.000000E+00
4.692500000000E+05	-1.490663E+01	0.000000E+00	-1.628469E+01	0.000000E+00
4.710000000000E+05	-1.490074E+01	0.000000E+00	-1.630257E+01	0.000000E+00
4.727500000000E+05	-1.481350E+01	0.000000E+00	-1.632044E+01	0.000000E+00
4.745000000000E+05	-1.481944E+01	0.000000E+00	-1.630190E+01	0.000000E+00
4.762500000000E+05	-1.473322E+01	0.000000E+00	-1.629625E+01	0.000000E+00
4.780000000000E+05	-1.466592E+01	0.000000E+00	-1.632851E+01	0.000000E+00
4.797500000000E+05	-1.464563E+01	0.000000E+00	-1.633264E+01	0.000000E+00
4.815000000000E+05	-1.454940E+01	0.000000E+00	-1.635082E+01	0.000000E+00
4.832500000000E+05	-1.451111E+01	0.000000E+00	-1.635344E+01	0.000000E+00
4.850000000000E+05	-1.440910E+01	0.000000E+00	-1.634549E+01	0.000000E+00
4.867500000000E+05	-1.434630E+01	0.000000E+00	-1.635062E+01	0.000000E+00
4.885000000000E+05	-1.430760E+01	0.000000E+00	-1.636386E+01	0.000000E+00
4.902500000000E+05	-1.417027E+01	0.000000E+00	-1.636640E+01	0.000000E+00
4.920000000000E+05	-1.405948E+01	0.000000E+00	-1.635380E+01	0.000000E+00
4.937500000000E+05	-1.394135E+01	0.000000E+00	-1.633605E+01	0.000000E+00
4.955000000000E+05	-1.382033E+01	0.000000E+00	-1.636947E+01	0.000000E+00
4.972500000000E+05	-1.413291E+01	0.000000E+00	-1.638922E+01	0.000000E+00
4.990000000000E+05	-1.523810E+01	0.000000E+00	-1.637004E+01	0.000000E+00
5.007500000000E+05	-1.598239E+01	0.000000E+00	-1.637808E+01	0.000000E+00
5.025000000000E+05	-1.608055E+01	0.000000E+00	-1.637390E+01	0.000000E+00
5.042500000000E+05	-1.579863E+01	0.000000E+00	-1.639666E+01	0.000000E+00
5.060000000000E+05	-1.552539E+01	0.000000E+00	-1.639459E+01	0.000000E+00
5.077500000000E+05	-1.531382E+01	0.000000E+00	-1.638605E+01	0.000000E+00
5.095000000000E+05	-1.517056E+01	0.000000E+00	-1.638470E+01	0.000000E+00
5.112500000000E+05	-1.506494E+01	0.000000E+00	-1.639817E+01	0.000000E+00
5.130000000000E+05	-1.496622E+01	0.000000E+00	-1.638588E+01	0.000000E+00
5.147500000000E+05	-1.487616E+01	0.000000E+00	-1.639388E+01	0.000000E+00
5.165000000000E+05	-1.478614E+01	0.000000E+00	-1.639430E+01	0.000000E+00
5.182500000000E+05	-1.470457E+01	0.000000E+00	-1.642828E+01	0.000000E+00
5.200000000000E+05	-1.465697E+01	0.000000E+00	-1.640636E+01	0.000000E+00
5.217500000000E+05	-1.457036E+01	0.000000E+00	-1.638716E+01	0.000000E+00
5.235000000000E+05	-1.452326E+01	0.000000E+00	-1.643079E+01	0.000000E+00
5.252500000000E+05	-1.449127E+01	0.000000E+00	-1.641494E+01	0.000000E+00
5.270000000000E+05	-1.443551E+01	0.000000E+00	-1.643418E+01	0.000000E+00
5.287500000000E+05	-1.439059E+01	0.000000E+00	-1.642276E+01	0.000000E+00
5.305000000000E+05	-1.433792E+01	0.000000E+00	-1.642810E+01	0.000000E+00
5.322500000000E+05	-1.427872E+01	0.000000E+00	-1.644107E+01	0.000000E+00
5.340000000000E+05	-1.422423E+01	0.000000E+00	-1.640482E+01	0.000000E+00
5.357500000000E+05	-1.416156E+01	0.000000E+00	-1.644033E+01	0.000000E+00
5.375000000000E+05	-1.412435E+01	0.000000E+00	-1.645260E+01	0.000000E+00
5.392500000000E+05	-1.407083E+01	0.000000E+00	-1.645221E+01	0.000000E+00
5.410000000000E+05	-1.401606E+01	0.000000E+00	-1.646207E+01	0.000000E+00
5.427500000000E+05	-1.399053E+01	0.000000E+00	-1.645042E+01	0.000000E+00
5.445000000000E+05	-1.394286E+01	0.000000E+00	-1.644892E+01	0.000000E+00
5.462500000000E+05	-1.389150E+01	0.000000E+00	-1.646676E+01	0.000000E+00
5.480000000000E+05	-1.385262E+01	0.000000E+00	-1.649392E+01	0.000000E+00
5.497500000000E+05	-1.381584E+01	0.000000E+00	-1.649711E+01	0.000000E+00
5.515000000000E+05	-1.375295E+01	0.000000E+00	-1.649533E+01	0.000000E+00
5.532500000000E+05	-1.371837E+01	0.000000E+00	-1.651454E+01	0.000000E+00
5.550000000000E+05	-1.370361E+01	0.000000E+00	-1.653471E+01	0.000000E+00
5.567500000000E+05	-1.363544E+01	0.000000E+00	-1.654940E+01	0.000000E+00
5.585000000000E+05	-1.361297E+01	0.000000E+00	-1.653922E+01	0.000000E+00
5.602500000000E+05	-1.353628E+01	0.000000E+00	-1.652333E+01	0.000000E+00
5.620000000000E+05	-1.351762E+01	0.000000E+00	-1.650963E+01	0.000000E+00
5.637500000000E+05	-1.348518E+01	0.000000E+00	-1.654871E+01	0.000000E+00
5.655000000000E+05	-1.340380E+01	0.000000E+00	-1.657311E+01	0.000000E+00
5.672500000000E+05	-1.338836E+01	0.000000E+00	-1.653890E+01	0.000000E+00
5.690000000000E+05	-1.335457E+01	0.000000E+00	-1.653432E+01	0.000000E+00
5.707500000000E+05	-1.331564E+01	0.000000E+00	-1.655439E+01	0.000000E+00
5.725000000000E+05	-1.326854E+01	0.000000E+00	-1.655196E+01	0.000000E+00
5.742500000000E+05	-1.321451E+01	0.000000E+00	-1.657641E+01	0.000000E+00
5.760000000000E+05	-1.315577E+01	0.000000E+00	-1.658891E+01	0.000000E+00
5.777500000000E+05	-1.311123E+01	0.000000E+00	-1.657343E+01	0.000000E+00
5.795000000000E+05	-1.307267E+01	0.000000E+00	-1.661586E+01	0.000000E+00
5.812500000000E+05	-1.302728E+01	0.000000E+00	-1.662481E+01	0.000000E+00
5.830000000000E+05	-1.297195E+01	0.000000E+00	-1.657753E+01	0.000000E+00
5.847500000000E+05	-1.293929E+01	0.000000E+00	-1.659173E+01	0.000000E+00
5.865000000000E+05	-1.287829E+01	0.000000E+00	-1.660065E+01	0.000000E+00
5.882500000000E+05	-1.284585E+01	0.000000E+00	-1.658325E+01	0.000000E+00
5.900000000000E+05	-1.278802E+01	0.000000E+00	-1.659124E+01	0.000000E+00
5.917500000000E+05	-1.273378E+01	0.000000E+00	-1.658748E+01	0.000000E+00
5.935000000000E+05	-1.269356E+01	0.000000E+00	-1.659020E+01	0.000000E+00
5.952500000000E+05	-1.263218E+01	0.000000E+00	-1.662666E+01	0.000000E+00
5.970000000000E+05	-1.257411E+01	0.000000E+00	-1.665242E+01	0.000000E+00
5.987500000000E+05	-1.252809E+01	0.000000E+00	-1.666961E+01	0.000000E+00
6.005000000000E+05	-1.248867E+01	0.000000E+00	-1.661743E+01	0.000000E+00
6.022500000000E+05	-1.243895E+01	0.000000E+00	-1.663597E+01	0.000000E+00
6.040000000000E+05	-1.236882E+01	0.000000E+00	-1.666959E+01	0.000000E+00
6.057500000000E+05	-1.233829E+01	0.000000E+00	-1.661763E+01	0.000000E+00
6.075000000000E+05	-1.227162E+01	0.000000E+00	-1.667699E+01	0.000000E+00
6.092500000000E+05	-1.220701E+01	0.000000E+00	-1.661428E+01	0.000000E+00
6.110000000000E+05	-1.217612E+01	0.000000E+00	-1.665657E+01	0.000000E+00
6.127500000000E+05	-1.211184E+01	0.000000E+00	-1.667402E+01	0.000000E+00
6.145000000000E+05	-1.207514E+01	0.000000E+00	-1.662000E+01	0.000000E+00
6.162500000000E+05	-1.203081E+01	0.000000E+00	-1.666599E+01	0.000000E+00
6.180000000000E+05	-1.198658E+01	0.000000E+00	-1.667391E+01	0.000000E+00
6.197500000000E+05	-1.191199E+01	0.000000E+00	-1.669278E+01	0.000000E+00
6.215000000000E+05	-1.187689E+01	0.000000E+00	-1.666536E+01	0.000000E+00
6.232500000000E+05	-1.180326E+01	0.000000E+00	-1.666019E+01	0.000000E+00
6.250000000000E+05	-1.176750E+01	0.000000E+00	-1.666645E+01	0.000000E+00
6.267500000000E+05	-1.169925E+01	0.000000E+00	-1.667781E+01	0.000000E+00
6.285000000000E+05	-1.162853E+01	0.000000E+00	-1.670692E+01	0.000000E+00
6.302500000000E+05	-1.159095E+01	0.000000E+00	-1.672126E+01	0.000000E+00
6.320000000000E+05	-1.153295E+01	0.000000E+00	-1.669523E+01	0.000000E+00
6.337500000000E+05	-1.150487E+01	0.000000E+00	-1.666877E+01	0.000000E+00
6.355000000000E+05	-1.142366E+01	0.000000E+00	-1.667925E+01	0.000000E+00
6.372500000000E+05	-1.140302E+01	0.000000E+00	-1.673948E+01	0.000000E+00
6.390000000000E+05	-1.139192E+01	0.000000E+00	-1.668056E+01	0.000000E+00
6.407500000000E+05	-1.137822E+01	0.000000E+00	-1.673165E+01	0.000000E+00
6.425000000000E+05	-1.129841E+01	0.000000E+00	-1.668768E+01	0.000000E+00
6.442500000000E+05	-1.124502E+01	0.000000E+00	-1.675733E+01	0.000000E+00
6.460000000000E+05	-1.114586E+01	0.000000E+00	-1.669164E+01	0.000000E+00
6.477500000000E+05	-1.109758E+01	0.000000E+00	-1.675432E+01	0.000000E+00
6.495000000000E+05	-1.104970E+01	0.000000E+00	-1.676170E+01	0.000000E+00
6.512500000000E+05	-1.094824E+01	0.000000E+00	-1.671364E+01	0.000000E+00
6.530000000000E+05	-1.093265E+01	0.000000E+00	-1.672676E+01	0.000000E+00
6.547500000000E+05	-1.085526E+01	0.000000E+00	-1.673842E+01	0.000000E+00
6.565000000000E+05	-1.078138E+01	0.000000E+00	-1.677116E+01	0.000000E+00
6.582500000000E+05	-1.071976E+01	0.000000E+00	-1.680378E+01	0.000000E+00
6.600000000000E+05	-1.064248E+01	0.000000E+00	-1.679587E+01	0.000000E+00
6.617500000000E+05	-1.055004E+01	0.000000E+00	-1.678884E+01	0.000000E+00
6.635000000000E+05	-1.047727E+01	0.000000E+00	-1.678992E+01	0.000000E+00
6.652500000000E+05	-1.040417E+01	0.000000E+00	-1.676813E+01	0.000000E+00
6.670000000000E+05	-1.035355E+01	0.000000E+00	-1.675762E+01	0.000000E+00
6.687500000000E+05	-1.029944E+01	0.000000E+00	-1.678909E+01	0.000000E+00
6.705000000000E+05	-1.022122E+01	0.000000E+00	-1.684125E+01	0.000000E+00
6.722500000000E+05	-1.015993E+01	0.000000E+00	-1.678592E+01	0.000000E+00
6.740000000000E+05	-1.009648E+01	0.000000E+00	-1.681635E+01	0.000000E+00
6.757500000000E+05	-9.983329E+00	0.000000E+00	-1.682387E+01	0.000000E+00
6.775000000000E+05	-9.935803E+00	0.000000E+00	-1.681273E+01	0.000000E+00
6.792500000000E+05	-9.836224E+00	0.000000E+00	-1.682946E+01	0.000000E+00
6.810000000000E+05	-9.777715E+00	0.000000E+00	-1.686702E+01	0.000000E+00
6.827500000000E+05	-9.714918E+00	0.000000E+00	-1.680216E+01	0.000000E+00
6.845000000000E+05	-9.617203E+00	0.000000E+00	-1.685780E+01	0.000000E+00
6.862500000000E+05	-9.539383E+00	0.000000E+00	-1.687647E+01	0.000000E+00
6.880000000000E+05	-9.501945E+00	0.000000E+00	-1.686153E+01	0.000000E+00
6.897500000000E+05	-9.396215E+00	0.000000E+00	-1.685409E+01	0.000000E+00
6.915000000000E+05	-9.338800E+00	0.000000E+00	-1.684154E+01	0.000000E+00
6.932500000000E+05	-9.207840E+00	0.000000E+00	-1.685443E+01	0.000000E+00
6.950000000000E+05	-9.162074E+00	0.000000E+00	-1.686575E+01	0.000000E+00
6.967500000000E+05	-9.093676E+00	0.000000E+00	-1.686818E+01	0.000000E+00
6.985000000000E+05	-9.012808E+00	0.000000E+00	-1.689064E+01	0.000000E+00
7.002500000000E+05	-8.935275E+00	0.000000E+00	-1.688103E+01	0.000000E+00
7.020000000000E+05	-8.872311E+00	0.000000E+00	-1.692500E+01	0.000000E+00
7.037500000000E+05	-8.786760E+00	0.000000E+00	-1.694284E+01	0.000000E+00
7.055000000000E+05	-8.753369E+00	0.000000E+00	-1.691749E+01	0.000000E+00
7.072500000000E+05	-8.667506E+00	0.000000E+00	-1.693269E+01	0.000000E+00
7.090000000000E+05	-8.583472E+00	0.000000E+00	-1.694941E+01	0.000000E+00
7.107500000000E+05	-8.510602E+00	0.000000E+00	-1.690338E+01	0.000000E+00
7.125000000000E+05	-8.438802E+00	0.000000E+00	-1.699503E+01	0.000000E+00
7.142500000000E+05	-8.384829E+00	0.000000E+00	-1.693571E+01	0.000000E+00
7.160000000000E+05	-8.279088E+00	0.000000E+00	-1.697469E+01	0.000000E+00
7.177500000000E+05	-8.189309E+00	0.000000E+00	-1.698122E+01	0.000000E+00
7.195000000000E+05	-8.134630E+00	0.000000E+00	-1.694996E+01	0.000000E+00
7.212500000000E+05	-8.042181E+00	0.000000E+00	-1.696367E+01	0.000000E+00
7.230000000000E+05	-7.934936E+00	0.000000E+00	-1.699204E+01	0.000000E+00
7.247500000000E+05	-7.830619E+00	0.000000E+00	-1.701152E+01	0.000000E+00
7.265000000000E+05	-7.723491E+00	0.000000E+00	-1.700319E+01	0.000000E+00
7.282500000000E+05	-7.589790E+00	0.000000E+00	-1.699694E+01	0.000000E+00
7.300000000000E+05	-7.472835E+00	0.000000E+00	-1.698394E+01	0.000000E+00
7.317500000000E+05	-7.399091E+00	0.000000E+00	-1.700536E+01	0.000000E+00
7.335000000000E+05	-7.296710E+00	0.000000E+00	-1.702538E+01	0.000000E+00
7.352500000000E+05	-7.190405E+00	0.000000E+00	-1.701740E+01	0.000000E+00
7.370000000000E+05	-7.052340E+00	0.000000E+00	-1.703683E+01	0.000000E+00
7.387500000000E+05	-6.949916E+00	0.000000E+00	-1.701184E+01	0.000000E+00
7.405000000000E+05	-6.811443E+00	0.000000E+00	-1.703324E+01	0.000000E+00
7.422500000000E+05	-6.685794E+00	0.000000E+00	-1.703873E+01	0.000000E+00
7.440000000000E+05	-6.598516E+00	0.000000E+00	-1.701969E+01	0.000000E+00
7.457500000000E+05	-6.464361E+00	0.000000E+00	-1.705986E+01	0.000000E+00
7.475000000000E+05	-6.359500E+00	0.000000E+00	-1.704189E+01	0.000000E+00
7.492500000000E+05	-6.186699E+00	0.000000E+00	-1.709806E+01	0.000000E+00
7.510000000000E+05	-6.109729E+00	0.000000E+00	-1.706288E+01	0.000000E+00
7.527500000000E+05	-5.938148E+00	0.000000E+00	-1.708051E+01	0.000000E+00
7.545000000000E+05	-5.876976E+00	0.000000E+00	-1.708423E+01	0.000000E+00
7.562500000000E+05	-5.785298E+00	0.000000E+00	-1.707789E+01	0.000000E+00
7.580000000000E+05	-5.782187E+00	0.000000E+00	-1.709954E+01	0.000000E+00
7.597500000000E+05	-5.846341E+00	0.000000E+00	-1.708709E+01	0.000000E+00
7.615000000000E+05	-6.081901E+00	0.000000E+00	-1.711821E+01	0.000000E+00
7.632500000000E+05	-6.465736E+00	0.000000E+00	-1.711110E+01	0.000000E+00
7.650000000000E+05	-6.821966E+00	0.000000E+00	-1.710339E+01	0.000000E+00
7.667500000000E+05	-6.781264E+00	0.000000E+00	-1.713454E+01	0.000000E+00
7.685000000000E+05	-6.609706E+00	0.000000E+00	-1.711272E+01	0.000000E+00
7.702500000000E+05	-6.440948E+00	0.000000E+00	-1.712948E+01	0.000000E+00
7.720000000000E+05	-6.514968E+00	0.000000E+00	-1.714401E+01	0.000000E+00
7.737500000000E+05	-6.692051E+00	0.000000E+00	-1.715513E+01	0.000000E+00
7.755000000000E+05	-6.848423E+00	0.000000E+00	-1.717374E+01	0.000000E+00
7.772500000000E+05	-6.753908E+00	0.000000E+00	-1.716806E+01	0.000000E+00
7.790000000000E+05	-6.479228E+00	0.000000E+00	-1.716237E+01	0.000000E+00
7.807500000000E+05	-6.186292E+00	0.000000E+00	-1.718447E+01	0.000000E+00
7.825000000000E+05	-5.902721E+00	0.000000E+00	-1.717759E+01	0.000000E+00
7.842500000000E+05	-5.631383E+00	0.000000E+00	-1.717625E+01	0.000000E+00
7.860000000000E+05	-5.360828E+00	0.000000E+00	-1.718287E+01	0.000000E+00
7.877500000000E+05	-5.185364E+00	0.000000E+00	-1.719099E+01	0.000000E+00
7.895000000000E+05	-4.980186E+00	0.000000E+00	-1.720942E+01	0.000000E+00
7.912500000000E+05	-4.815322E+00	0.000000E+00	-1.719136E+01	0.000000E+00
7.930000000000E+05	-4.686951E+00	0.000000E+00	-1.719783E+01	0.000000E+00
7.947500000000E+05	-4.490039E+00	0.000000E+00	-1.723015E+01	0.000000E+00
7.965000000000E+05	-4.343628E+00	0.000000E+00	-1.721562E+01	0.000000E+00
7.982500000000E+05	-4.150943E+00	0.000000E+00	-1.722490E+01	0.000000E+00
8.000000000000E+05	-3.988718E+00	0.000000E+00	-1.723131E+01	0.000000E+00
8.017500000000E+05	-3.844915E+00	0.000000E+00	-1.723326E+01	0.000000E+00
8.035000000000E+05	-3.690442E+00	0.000000E+00	-1.724341E+01	0.000000E+00
8.052500000000E+05	-3.589372E+00	0.000000E+00	-1.724471E+01	0.000000E+00
8.070000000000E+05	-3.443074E+00	0.000000E+00	-1.725494E+01	0.000000E+00
8.087500000000E+05	-3.265564E+00	0.000000E+00	-1.724508E+01	0.000000E+00
8.105000000000E+05	-3.106255E+00	0.000000E+00	-1.723725E+01	0.000000E+00
8.122500000000E+05	-3.032684E+00	0.000000E+00	-1.726599E+01	0.000000E+00
8.140000000000E+05	-2.860216E+00	0.000000E+00	-1.727532E+01	0.000000E+00
8.157500000000E+05	-2.767339E+00	0.000000E+00	-1.728041E+01	0.000000E+00
8.175000000000E+05	-2.644431E+00	0.000000E+00	-1.727525E+01	0.000000E+00
8.192500000000E+05	-2.510389E+00	0.000000E+00	-1.729066E+01	0.000000E+00
8.210000000000E+05	-2.456593E+00	0.000000E+00	-1.728472E+01	0.000000E+00
8.227500000000E+05	-2.285622E+00	0.000000E+00	-1.729429E+01	0.000000E+00
8.245000000000E+05	-2.179067E+00	0.000000E+00	-1.731355E+01	0.000000E+00
8.262500000000E+05	-2.134108E+00	0.000000E+00	-1.731695E+01	0.000000E+00
8.280000000000E+05	-2.003891E+00	0.000000E+00	-1.730110E+01	0.000000E+00
8.297500000000E+05	-1.960289E+00	0.000000E+00	-1.732114E+01	0.000000E+00
8.315000000000E+05	-1.812823E+00	0.000000E+00	-1.731985E+01	0.000000E+00
8.332500000000E+05	-1.787311E+00	0.000000E+00	-1.732656E+01	0.000000E+00
8.350000000000E+05	-1.728072E+00	0.000000E+00	-1.733009E+01	0.000000E+00
8.367500000000E+05	-1.644004E+00	0.000000E+00	-1.733050E+01	0.000000E+00
8.385000000000E+05	-1.578196E+00	0.000000E+00	-1.736388E+01	0.000000E+00
8.402500000000E+05	-1.531497E+00	0.000000E+00	-1.734301E+01	0.000000E+00
8.420000000000E+05	-1.458657E+00	0.000000E+00	-1.734487E+01	0.000000E+00
8.437500000000E+05	-1.439076E+00	0.000000E+00	-1.737142E+01	0.000000E+00
8.455000000000E+05	-1.418523E+00	0.000000E+00	-1.737770E+01	0.000000E+00
8.472500000000E+05	-1.401758E+00	0.000000E+00	-1.739296E+01	0.000000E+00
8.490000000000E+05	-1.516027E+00	0.000000E+00	-1.736107E+01	0.000000E+00
8.507500000000E+05	-1.504067E+00	0.000000E+00	-1.740429E+01	0.000000E+00
8.525000000000E+05	-1.610842E+00	0.000000E+00	-1.739153E+01	0.000000E+00
8.542500000000E+05	-1.673268E+00	0.000000E+00	-1.740864E+01	0.000000E+00
8.560000000000E+05	-1.787951E+00	0.000000E+00	-1.739932E+01	0.000000E+00
8.577500000000E+05	-1.965544E+00	0.000000E+00	-1.739681E+01	0.000000E+00
8.595000000000E+05	-2.133183E+00	0.000000E+00	-1.744370E+01	0.000000E+00
8.612500000000E+05	-2.291100E+00	0.000000E+00	-1.744520E+01	0.000000E+00
8.630000000000E+05	-2.491583E+00	0.000000E+00	-1.741149E+01	0.000000E+00
8.647500000000E+05	-2.642927E+00	0.000000E+00	-1.742380E+01	0.000000E+00
8.665000000000E+05	-2.774561E+00	0.000000E+00	-1.745260E+01	0.000000E+00
8.682500000000E+05	-2.976219E+00	0.000000E+00	-1.747033E+01	0.000000E+00
8.700000000000E+05	-3.156092E+00	0.000000E+00	-1.745704E+01	0.000000E+00
8.717500000000E+05	-3.270966E+00	0.000000E+00	-1.747108E+01	0.000000E+00
8.735000000000E+05	-3.392402E+00	0.000000E+00	-1.744835E+01	0.000000E+00
8.752500000000E+05	-3.503668E+00	0.000000E+00	-1.746974E+01	0.000000E+00
8.770000000000E+05	-3.545914E+00	0.000000E+00	-1.748555E+01	0.000000E+00
8.787500000000E+05	-3.601582E+00	0.000000E+00	-1.750150E+01	0.000000E+00
8.805000000000E+05	-3.555808E+00	0.000000E+00	-1.748565E+01	0.000000E+00
8.822500000000E+05	-3.468041E+00	0.000000E+00	-1.749519E+01	0.000000E+00
8.840000000000E+05	-3.367133E+00	0.000000E+00	-1.751303E+01	0.000000E+00
8.857500000000E+05	-3.264778E+00	0.000000E+00	-1.748705E+01	0.000000E+00
8.875000000000E+05	-3.203385E+00	0.000000E+00	-1.752378E+01	0.000000E+00
8.892500000000E+05	-3.063297E+00	0.000000E+00	-1.750747E+01	0.000000E+00
8.910000000000E+05	-2.926682E+00	0.000000E+00	-1.754534E+01	0.000000E+00
8.927500000000E+05	-2.695120E+00	0.000000E+00	-1.752253E+01	0.000000E+00
8.945000000000E+05	-2.524585E+00	0.000000E+00	-1.754697E+01	0.000000E+00
8.962500000000E+05	-2.368353E+00	0.000000E+00	-1.755644E+01	0.000000E+00
8.980000000000E+05	-2.249800E+00	0.000000E+00	-1.756271E+01	0.000000E+00
8.997500000000E+05	-2.127384E+00	0.000000E+00	-1.757320E+01	0.000000E+00
9.015000000000E+05	-1.956720E+00	0.000000E+00	-1.756946E+01	0.000000E+00
9.032500000000E+05	-1.884017E+00	0.000000E+00	-1.756871E+01	0.000000E+00
9.050000000000E+05	-1.884135E+00	0.000000E+00	-1.758591E+01	0.000000E+00
9.067500000000E+05	-1.882819E+00	0.000000E+00	-1.757553E+01	0.000000E+00
9.085000000000E+05	-1.874879E+00	0.000000E+00	-1.759781E+01	0.000000E+00
9.102500000000E+05	-1.924170E+00	0.000000E+00	-1.763532E+01	0.000000E+00
9.120000000000E+05	-1.967962E+00	0.000000E+00	-1.764203E+01	0.000000E+00
9.137500000000E+05	-2.049503E+00	0.000000E+00	-1.764025E+01	0.000000E+00
9.155000000000E+05	-2.123575E+00	0.000000E+00	-1.762727E+01	0.000000E+00
9.172500000000E+05	-2.198879E+00	0.000000E+00	-1.766856E+01	0.000000E+00
9.190000000000E+05	-2.344510E+00	0.000000E+00	-1.764756E+01	0.000000E+00
9.207500000000E+05	-2.407789E+00	0.000000E+00	-1.765843E+01	0.000000E+00
9.225000000000E+05	-2.554894E+00	0.000000E+00	-1.768175E+01	0.000000E+00
9.242500000000E+05	-2.646972E+00	0.000000E+00	-1.768536E+01	0.000000E+00
9.260000000000E+05	-2.773194E+00	0.000000E+00	-1.767981E+01	0.000000E+00
9.277500000000E+05	-2.900689E+00	0.000000E+00	-1.772880E+01	0.000000E+00
9.295000000000E+05	-2.984874E+00	0.000000E+00	-1.771096E+01	0.000000E+00
9.312500000000E+05	-3.146232E+00	0.000000E+00	-1.769132E+01	0.000000E+00
9.330000000000E+05	-3.296075E+00	0.000000E+00	-1.773767E+01	0.000000E+00
9.347500000000E+05	-3.409233E+00	0.000000E+00	-1.775254E+01	0.000000E+00
9.365000000000E+05	-3.516740E+00	0.000000E+00	-1.776386E+01	0.000000E+00
9.382500000000E+05	-3.657249E+00	0.000000E+00	-1.777940E+01	0.000000E+00
9.400000000000E+05	-3.746988E+00	0.000000E+00	-1.778733E+01	0.000000E+00
9.417500000000E+05	-3.885498E+00	0.000000E+00	-1.778657E+01	0.000000E+00
9.435000000000E+05	-3.996180E+00	0.000000E+00	-1.780911E+01	0.000000E+00
9.452500000000E+05	-4.127006E+00	0.000000E+00	-1.781043E+01	0.000000E+00
9.470000000000E+05	-4.241447E+00	0.000000E+00	-1.778721E+01	0.000000E+00
9.487500000000E+05	-4.331589E+00	0.000000E+00	-1.779638E+01	0.000000E+00
9.505000000000E+05	-4.445748E+00	0.000000E+00	-1.784614E+01	0.000000E+00
9.522500000000E+05	-4.583153E+00	0.000000E+00	-1.781789E+01	0.000000E+00
9.540000000000E+05	-4.733979E+00	0.000000E+00	-1.781696E+01	0.000000E+00
9.557500000000E+05	-4.824249E+00	0.000000E+00	-1.785752E+01	0.000000E+00
9.575000000000E+05	-4.962780E+00	0.000000E+00	-1.782466E+01	0.000000E+00
9.592500000000E+05	-5.104925E+00	0.000000E+00	-1.787028E+01	0.000000E+00
9.610000000000E+05	-5.226361E+00	0.000000E+00	-1.786837E+01	0.000000E+00
9.627500000000E+05	-5.352850E+00	0.000000E+00	-1.786951E+01	0.000000E+00
9.645000000000E+05	-5.452847E+00	0.000000E+00	-1.789341E+01	0.000000E+00
9.662500000000E+05	-5.590617E+00	0.000000E+00	-1.789805E+01	0.000000E+00
9.680000000000E+05	-5.727026E+00	0.000000E+00	-1.788914E+01	0.000000E+00
9.697500000000E+05	-5.840973E+00	0.000000E+00	-1.789062E+01	0.000000E+00
9.715000000000E+05	-5.968931E+00	0.000000E+00	-1.790053E+01	0.000000E+00
9.732500000000E+05	-6.107151E+00	0.000000E+00	-1.791505E+01	0.000000E+00
9.750000000000E+05	-6.210682E+00	0.000000E+00	-1.792118E+01	0.000000E+00
9.767500000000E+05	-6.356225E+00	0.000000E+00	-1.792996E+01	0.000000E+00
9.785000000000E+05	-6.463763E+00	0.000000E+00	-1.792135E+01	0.000000E+00
9.802500000000E+05	-6.598492E+00	0.000000E+00	-1.791850E+01	0.000000E+00
9.820000000000E+05	-6.664080E+00	0.000000E+00	-1.794001E+01	0.000000E+00
9.837500000000E+05	-6.817970E+00	0.000000E+00	-1.796781E+01	0.000000E+00
9.855000000000E+05	-6.911559E+00	0.000000E+00	-1.795512E+01	0.000000E+00
9.872500000000E+05	-7.048755E+00	0.000000E+00	-1.795341E+01	0.000000E+00
9.890000000000E+05	-7.166874E+00	0.000000E+00	-1.798884E+01	0.000000E+00
9.907500000000E+05	-7.258157E+00	0.000000E+00	-1.795765E+01	0.000000E+00
9.925000000000E+05	-7.397044E+00	0.000000E+00	-1.800298E+01	0.000000E+00
9.942500000000E+05	-7.451286E+00	0.000000E+00	-1.797600E+01	0.000000E+00
9.960000000000E+05	-7.580519E+00	0.000000E+00	-1.802851E+01	0.000000E+00
9.977500000000E+05	-7.707972E+00	0.000000E+00	-1.801608E+01	0.000000E+00
9.995000000000E+05	-7.815406E+00	0.000000E+00	-1.802367E+01	0.000000E+00
1.001250000000E+06	-7.901735E+00	0.000000E+00	-1.803885E+01	0.000000E+00
1.003000000000E+06	-8.004622E+00	0.000000E+00	-1.807286E+01	0.000000E+00
1.004750000000E+06	-8.106740E+00	0.000000E+00	-1.807781E+01	0.000000E+00
1.006500000000E+06	-8.184683E+00	0.000000E+00	-1.807861E+01	0.000000E+00
1.008250000000E+06	-8.299993E+00	0.000000E+00	-1.807407E+01	0.000000E+00
1.010000000000E+06	-8.395766E+00	0.000000E+00	-1.809372E+01	0.000000E+00
1.011750000000E+06	-8.494837E+00	0.000000E+00	-1.812405E+01	0.000000E+00
1.013500000000E+06	-8.583952E+00	0.000000E+00	-1.813145E+01	0.000000E+00
1.015250000000E+06	-8.666962E+00	0.000000E+00	-1.815831E+01	0.000000E+00
1.017000000000E+06	-8.739614E+00	0.000000E+00	-1.816443E+01	0.000000E+00
1.018750000000E+06	-8.813099E+00	0.000000E+00	-1.815471E+01	0.000000E+00
1.020500000000E+06	-8.910780E+00	0.000000E+00	-1.816031E+01	0.000000E+00
1.022250000000E+06	-9.003797E+00	0.000000E+00	-1.819973E+01	0.000000E+00
1.024000000000E+06	-9.086565E+00	0.000000E+00	-1.819144E+01	0.000000E+00
1.025750000000E+06	-9.137560E+00	0.000000E+00	-1.823315E+01	0.000000E+00
1.027500000000E+06	-9.203251E+00	0.000000E+00	-1.823494E+01	0.000000E+00
1.029250000000E+06	-9.269274E+00	0.000000E+00	-1.826537E+01	0.000000E+00
1.031000000000E+06	-9.316480E+00	0.000000E+00	-1.826389E+01	0.000000E+00
1.032750000000E+06	-9.396972E+00	0.000000E+00	-1.828275E+01	0.000000E+00
1.034500000000E+06	-9.489415E+00	0.000000E+00	-1.827552E+01	0.000000E+00
1.036250000000E+06	-9.590191E+00	0.000000E+00	-1.827469E+01	0.000000E+00
1.038000000000E+06	-9.652765E+00	0.000000E+00	-1.830034E+01	0.000000E+00
1.039750000000E+06	-9.757997E+00	0.000000E+00	-1.831220E+01	0.000000E+00
1.041500000000E+06	-9.814590E+00	0.000000E+00	-1.833889E+01	0.000000E+00
1.043250000000E+06	-9.920609E+00	0.000000E+00	-1.832625E+01	0.000000E+00
1.045000000000E+06	-1.000681E+01	0.000000E+00	-1.834474E+01	0.000000E+00
1.046750000000E+06	-1.010235E+01	0.000000E+00	-1.837518E+01	0.000000E+00
1.048500000000E+06	-1.016153E+01	0.000000E+00	-1.836626E+01	0.000000E+00
1.050250000000E+06	-1.027303E+01	0.000000E+00	-1.836841E+01	0.000000E+00
1.052000000000E+06	-1.033891E+01	0.000000E+00	-1.837793E+01	0.000000E+00
1.053750000000E+06	-1.043770E+01	0.000000E+00	-1.839765E+01	0.000000E+00
1.055500000000E+06	-1.050355E+01	0.000000E+00	-1.842944E+01	0.000000E+00
1.057250000000E+06	-1.057943E+01	0.000000E+00	-1.844661E+01	0.000000E+00
1.059000000000E+06	-1.069936E+01	0.000000E+00	-1.845062E+01	0.000000E+00
1.060750000000E+06	-1.075618E+01	0.000000E+00	-1.846560E+01	0.000000E+00
1.062500000000E+06	-1.082502E+01	0.000000E+00	-1.849014E+01	0.000000E+00
1.064250000000E+06	-1.087869E+01	0.000000E+00	-1.852231E+01	0.000000E+00
1.066000000000E+06	-1.098351E+01	0.000000E+00	-1.855014E+01	0.000000E+00
1.067750000000E+06	-1.104577E+01	0.000000E+00	-1.857080E+01	0.000000E+00
1.069500000000E+06	-1.112600E+01	0.000000E+00	-1.857527E+01	0.000000E+00
1.071250000000E+06	-1.118741E+01	0.000000E+00	-1.863701E+01	0.000000E+00
1.073000000000E+06	-1.126022E+01	0.000000E+00	-1.864128E+01	0.000000E+00
1.074750000000E+06	-1.132207E+01	0.000000E+00	-1.866181E+01	0.000000E+00
1.076500000000E+06	-1.141124E+01	0.000000E+00	-1.870646E+01	0.000000E+00
1.078250000000E+06	-1.143250E+01	0.000000E+00	-1.871319E+01	0.000000E+00
1.080000000000E+06	-1.153827E+01	0.000000E+00	-1.873645E+01	0.000000E+00
1.081750000000E+06	-1.156869E+01	0.000000E+00	-1.876520E+01	0.000000E+00
1.083500000000E+06	-1.164449E+01	0.000000E+00	-1.878889E+01	0.000000E+00
1.085250000000E+06	-1.172039E+01	0.000000E+00	-1.881240E+01	0.000000E+00
1.087000000000E+06	-1.178371E+01	0.000000E+00	-1.881335E+01	0.000000E+00
1.088750000000E+06	-1.183149E+01	0.000000E+00	-1.880334E+01	0.000000E+00
1.090500000000E+06	-1.189787E+01	0.000000E+00	-1.882100E+01	0.000000E+00
1.092250000000E+06	-1.192857E+01	0.000000E+00	-1.881818E+01	0.000000E+00
1.094000000000E+06	-1.199090E+01	0.000000E+00	-1.883417E+01	0.000000E+00
1.095750000000E+06	-1.206257E+01	0.000000E+00	-1.885861E+01	0.000000E+00
1.097500000000E+06	-1.209807E+01	0.000000E+00	-1.886814E+01	0.000000E+00
1.099250000000E+06	-1.216945E+01	0.000000E+00	-1.888489E+01	0.000000E+00
1.101000000000E+06	-1.223317E+01	0.000000E+00	-1.888805E+01	0.000000E+00
1.102750000000E+06	-1.229259E+01	0.000000E+00	-1.891855E+01	0.000000E+00
1.104500000000E+06	-1.234941E+01	0.000000E+00	-1.894658E+01	0.000000E+00
1.106250000000E+06	-1.241505E+01	0.000000E+00	-1.896606E+01	0.000000E+00
1.108000000000E+06	-1.248787E+01	0.000000E+00	-1.899154E+01	0.000000E+00
1.109750000000E+06	-1.256151E+01	0.000000E+00	-1.901872E+01	0.000000E+00
1.111500000000E+06	-1.261410E+01	0.000000E+00	-1.904213E+01	0.000000E+00
1.113250000000E+06	-1.267620E+01	0.000000E+00	-1.907209E+01	0.000000E+00
1.115000000000E+06	-1.275036E+01	0.000000E+00	-1.911065E+01	0.000000E+00
1.116750000000E+06	-1.279196E+01	0.000000E+00	-1.914073E+01	0.000000E+00
1.118500000000E+06	-1.285044E+01	0.000000E+00	-1.916769E+01	0.000000E+00
1.120250000000E+06	-1.291921E+01	0.000000E+00	-1.919546E+01	0.000000E+00
1.122000000000E+06	-1.296520E+01	0.000000E+00	-1.925519E+01	0.000000E+00
1.123750000000E+06	-1.304259E+01	0.000000E+00	-1.929853E+01	0.000000E+00
1.125500000000E+06	-1.309623E+01	0.000000E+00	-1.931209E+01	0.000000E+00
1.127250000000E+06	-1.316846E+01	0.000000E+00	-1.935402E+01	0.000000E+00
1.129000000000E+06	-1.320918E+01	0.000000E+00	-1.941098E+01	0.000000E+00
1.130750000000E+06	-1.327000E+01	0.000000E+00	-1.942890E+01	0.000000E+00
1.132500000000E+06	-1.333315E+01	0.000000E+00	-1.950220E+01	0.000000E+00
1.134250000000E+06	-1.337837E+01	0.000000E+00	-1.953068E+01	0.000000E+00
1.136000000000E+06	-1.343146E+01	0.000000E+00	-1.959517E+01	0.000000E+00
1.137750000000E+06	-1.349184E+01	0.000000E+00	-1.964270E+01	0.000000E+00
1.139500000000E+06	-1.356528E+01	0.000000E+00	-1.966376E+01	0.000000E+00
1.141250000000E+06	-1.360923E+01	0.000000E+00	-1.972123E+01	0.000000E+00
1.143000000000E+06	-1.368033E+01	0.000000E+00	-1.975699E+01	0.000000E+00
1.144750000000E+06	-1.371400E+01	0.000000E+00	-1.977029E+01	0.000000E+00
1.146500000000E+06	-1.378775E+01	0.000000E+00	-1.980111E+01	0.000000E+00
1.148250000000E+06	-1.381895E+01	0.000000E+00	-1.986405E+01	0.000000E+00
1.150000000000E+06	-1.388408E+01	0.000000E+00	-1.990720E+01	0.000000E+00
1.151750000000E+06	-1.393788E+01	0.000000E+00	-1.996838E+01	0.000000E+00
1.153500000000E+06	-1.398870E+01	0.000000E+00	-2.003014E+01	0.000000E+00
1.155250000000E+06	-1.402532E+01	0.000000E+00	-2.013470E+01	0.000000E+00
1.157000000000E+06	-1.407032E+01	0.000000E+00	-2.021329E+01	0.000000E+00
1.158750000000E+06	-1.411230E+01	0.000000E+00	-2.028076E+01	0.000000E+00
1.160500000000E+06	-1.414178E+01	0.000000E+00	-2.034093E+01	0.000000E+00
1.162250000000E+06	-1.419095E+01	0.000000E+00	-2.041838E+01	0.000000E+00
1.164000000000E+06	-1.423717E+01	0.000000E+00	-2.045993E+01	0.000000E+00
1.165750000000E+06	-1.426448E+01	0.000000E+00	-2.050856E+01	0.000000E+00
1.167500000000E+06	-1.431563E+01	0.000000E+00	-2.056733E+01	0.000000E+00
1.169250000000E+06	-1.435044E+01	0.000000E+00	-2.055123E+01	0.000000E+00
1.171000000000E+06	-1.438639E+01	0.000000E+00	-2.057668E+01	0.000000E+00
1.172750000000E+06	-1.440585E+01	0.000000E+00	-2.060854E+01	0.000000E+00
1.174500000000E+06	-1.443251E+01	0.000000E+00	-2.060574E+01	0.000000E+00
1.176250000000E+06	-1.444310E+01	0.000000E+00	-2.059890E+01	0.000000E+00
1.178000000000E+06	-1.445871E+01	0.000000E+00	-2.062851E+01	0.000000E+00
1.179750000000E+06	-1.448854E+01	0.000000E+00	-2.063633E+01	0.000000E+00
1.181500000000E+06	-1.449645E+01	0.000000E+00	-2.061926E+01	0.000000E+00
1.183250000000E+06	-1.449950E+01	0.000000E+00	-2.060357E+01	0.000000E+00
1.185000000000E+06	-1.455602E+01	0.000000E+00	-2.054005E+01	0.000000E+00
1.186750000000E+06	-1.457251E+01	0.000000E+00	-2.044082E+01	0.000000E+00
1.188500000000E+06	-1.461576E+01	0.000000E+00	-2.033191E+01	0.000000E+00
1.190250000000E+06	-1.465822E+01	0.000000E+00	-2.020229E+01	0.000000E+00
1.192000000000E+06	-1.470801E+01	0.000000E+00	-1.999204E+01	0.000000E+00
1.193750000000E+06	-1.473517E+01	0.000000E+00	-1.976995E+01	0.000000E+00
1.195500000000E+06	-1.477344E+01	0.000000E+00	-1.957090E+01	0.000000E+00
1.197250000000E+06	-1.483255E+01	0.000000E+00	-1.934994E+01	0.000000E+00
1.199000000000E+06	-1.485689E+01	0.000000E+00	-1.914150E+01	0.000000E+00
1.200750000000E+06	-1.490255E+01	0.000000E+00	-1.896178E+01	0.000000E+00
1.202500000000E+06	-1.494638E+01	0.000000E+00	-1.873094E+01	0.000000E+00
1.204250000000E+06	-1.498564E+01	0.000000E+00	-1.852674E+01	0.000000E+00
1.206000000000E+06	-1.502481E+01	0.000000E+00	-1.828223E+01	0.000000E+00
1.207750000000E+06	-1.507250E+01	0.000000E+00	-1.803329E+01	0.000000E+00
1.209500000000E+06	-1.511775E+01	0.000000E+00	-1.780645E+01	0.000000E+00
1.211250000000E+06	-1.514944E+01	0.000000E+00	-1.759806E+01	0.000000E+00
1.213000000000E+06	-1.519018E+01	0.000000E+00	-1.737473E+01	0.000000E+00
1.214750000000E+06	-1.523840E+01	0.000000E+00	-1.720159E+01	0.000000E+00
1.216500000000E+06	-1.527396E+01	0.000000E+00	-1.704973E+01	0.000000E+00
1.218250000000E+06	-1.530259E+01	0.000000E+00	-1.692421E+01	0.000000E+00
1.220000000000E+06	-1.535138E+01	0.000000E+00	-1.680873E+01	0.000000E+00
1.221750000000E+06	-1.540968E+01	0.000000E+00	-1.670841E+01	0.000000E+00
1.223500000000E+06	-1.543072E+01	0.000000E+00	-1.661099E+01	0.000000E+00
1.225250000000E+06	-1.548490E+01	0.000000E+00	-1.655791E+01	0.000000E+00
1.227000000000E+06	-1.552482E+01	0.000000E+00	-1.653321E+01	0.000000E+00
1.228750000000E+06	-1.557920E+01	0.000000E+00	-1.653875E+01	0.000000E+00
1.230500000000E+06	-1.560911E+01	0.000000E+00	-1.654406E+01	0.000000E+00
1.232250000000E+06	-1.566001E+01	0.000000E+00	-1.654500E+01	0.000000E+00
1.234000000000E+06	-1.570350E+01	0.000000E+00	-1.659319E+01	0.000000E+00
1.235750000000E+06	-1.573435E+01	0.000000E+00	-1.660221E+01	0.000000E+00
1.237500000000E+06	-1.576635E+01	0.000000E+00	-1.663505E+01	0.000000E+00
1.239250000000E+06	-1.579548E+01	0.000000E+00	-1.665001E+01	0.000000E+00
1.241000000000E+06	-1.583087E+01	0.000000E+00	-1.670518E+01	0.000000E+00
1.242750000000E+06	-1.582870E+01	0.000000E+00	-1.672099E+01	0.000000E+00
1.244500000000E+06	-1.586994E+01	0.000000E+00	-1.675595E+01	0.000000E+00
1.246250000000E+06	-1.589546E+01	0.000000E+00	-1.679339E+01	0.000000E+00
1.248000000000E+06	-1.590235E+01	0.000000E+00	-1.683727E+01	0.000000E+00
1.249750000000E+06	-1.591068E+01	0.000000E+00	-1.686015E+01	0.000000E+00
1.251500000000E+06	-1.591976E+01	0.000000E+00	-1.688411E+01	0.000000E+00
1.253250000000E+06	-1.593858E+01	0.000000E+00	-1.690526E+01	0.000000E+00
1.255000000000E+06	-1.596644E+01	0.000000E+00	-1.693099E+01	0.000000E+00
1.256750000000E+06	-1.596546E+01	0.000000E+00	-1.696733E+01	0.000000E+00
1.258500000000E+06	-1.596842E+01	0.000000E+00	-1.700130E+01	0.000000E+00
1.260250000000E+06	-1.600591E+01	0.000000E+00	-1.702658E+01	0.000000E+00
1.262000000000E+06	-1.601738E+01	0.000000E+00	-1.706152E+01	0.000000E+00
1.263750000000E+06	-1.602170E+01	0.000000E+00	-1.706422E+01	0.000000E+00
1.265500000000E+06	-1.605619E+01	0.000000E+00	-1.706723E+01	0.000000E+00
1.267250000000E+06	-1.606024E+01	0.000000E+00	-1.709456E+01	0.000000E+00
1.269000000000E+06	-1.607512E+01	0.000000E+00	-1.710096E+01	0.000000E+00
1.270750000000E+06	-1.609804E+01	0.000000E+00	-1.710758E+01	0.000000E+00
1.272500000000E+06	-1.610163E+01	0.000000E+00	-1.709293E+01	0.000000E+00
1.274250000000E+06	-1.612864E+01	0.000000E+00	-1.712023E+01	0.000000E+00
1.276000000000E+06	-1.616654E+01	0.000000E+00	-1.710557E+01	0.000000E+00
1.277750000000E+06	-1.617809E+01	0.000000E+00	-1.712328E+01	0.000000E+00
1.279500000000E+06	-1.621691E+01	0.000000E+00	-1.712055E+01	0.000000E+00
1.281250000000E+06	-1.622927E+01	0.000000E+00	-1.711999E+01	0.000000E+00
1.283000000000E+06	-1.626226E+01	0.000000E+00	-1.713506E+01	0.000000E+00
1.284750000000E+06	-1.629884E+01	0.000000E+00	-1.715994E+01	0.000000E+00
1.286500000000E+06	-1.632321E+01	0.000000E+00	-1.716602E+01	0.000000E+00
1.288250000000E+06	-1.634279E+01	0.000000E+00	-1.717131E+01	0.000000E+00
1.290000000000E+06	-1.637003E+01	0.000000E+00	-1.718643E+01	0.000000E+00
1.291750000000E+06	-1.640006E+01	0.000000E+00	-1.721409E+01	0.000000E+00
1.293500000000E+06	-1.640679E+01	0.000000E+00	-1.722655E+01	0.000000E+00
1.295250000000E+06	-1.642738E+01	0.000000E+00	-1.723281E+01	0.000000E+00
1.297000000000E+06	-1.642918E+01	0.000000E+00	-1.723764E+01	0.000000E+00
1.298750000000E+06	-1.647494E+01	0.000000E+00	-1.724319E+01	0.000000E+00
1.300500000000E+06	-1.647909E+01	0.000000E+00	-1.725557E+01	0.000000E+00
1.302250000000E+06	-1.650188E+01	0.000000E+00	-1.726449E+01	0.000000E+00
1.304000000000E+06	-1.651701E+01	0.000000E+00	-1.727748E+01	0.000000E+00
1.305750000000E+06	-1.653029E+01	0.000000E+00	-1.728974E+01	0.000000E+00
1.307500000000E+06	-1.657069E+01	0.000000E+00	-1.729397E+01	0.000000E+00
1.309250000000E+06	-1.656777E+01	0.000000E+00	-1.729674E+01	0.000000E+00
1.311000000000E+06	-1.659038E+01	0.000000E+00	-1.731468E+01	0.000000E+00
1.312750000000E+06	-1.660312E+01	0.000000E+00	-1.731341E+01	0.000000E+00
1.314500000000E+06	-1.661912E+01	0.000000E+00	-1.733951E+01	0.000000E+00
1.316250000000E+06	-1.664845E+01	0.000000E+00	-1.733651E+01	0.000000E+00
1.318000000000E+06	-1.665836E+01	0.000000E+00	-1.733393E+01	0.000000E+00
1.319750000000E+06	-1.666653E+01	0.000000E+00	-1.736076E+01	0.000000E+00
1.321500000000E+06	-1.669180E+01	0.000000E+00	-1.736000E+01	0.000000E+00
1.323250000000E+06	-1.671837E+01	0.000000E+00	-1.736876E+01	0.000000E+00
1.325000000000E+06	-1.672951E+01	0.000000E+00	-1.736936E+01	0.000000E+00
1.326750000000E+06	-1.675574E+01	0.000000E+00	-1.738833E+01	0.000000E+00
1.328500000000E+06	-1.675876E+01	0.000000E+00	-1.740965E+01	0.000000E+00
1.330250000000E+06	-1.678735E+01	0.000000E+00	-1.741915E+01	0.000000E+00
1.332000000000E+06	-1.679983E+01	0.000000E+00	-1.740765E+01	0.000000E+00
1.333750000000E+06	-1.683460E+01	0.000000E+00	-1.744814E+01	0.000000E+00
1.335500000000E+06	-1.685153E+01	0.000000E+00	-1.745946E+01	0.000000E+00
1.337250000000E+06	-1.686172E+01	0.000000E+00	-1.746042E+01	0.000000E+00
1.339000000000E+06	-1.688772E+01	0.000000E+00	-1.748272E+01	0.000000E+00
1.340750000000E+06	-1.692454E+01	0.000000E+00	-1.746555E+01	0.000000E+00
1.342500000000E+06	-1.692858E+01	0.000000E+00	-1.749578E+01	0.000000E+00
1.344250000000E+06	-1.694480E+01	0.000000E+00	-1.751942E+01	0.000000E+00
1.346000000000E+06	-1.697253E+01	0.000000E+00	-1.751249E+01	0.000000E+00
1.347750000000E+06	-1.699485E+01	0.000000E+00	-1.752668E+01	0.000000E+00
1.349500000000E+06	-1.701311E+01	0.000000E+00	-1.753786E+01	0.000000E+00
1.351250000000E+06	-1.702801E+01	0.000000E+00	-1.754875E+01	0.000000E+00
1.353000000000E+06	-1.704045E+01	0.000000E+00	-1.756736E+01	0.000000E+00
1.354750000000E+06	-1.705354E+01	0.000000E+00	-1.756524E+01	0.000000E+00
1.356500000000E+06	-1.706891E+01	0.000000E+00	-1.759620E+01	0.000000E+00
1.358250000000E+06	-1.708646E+01	0.000000E+00	-1.759131E+01	0.000000E+00
1.360000000000E+06	-1.709806E+01	0.000000E+00	-1.761274E+01	0.000000E+00
1.361750000000E+06	-1.711518E+01	0.000000E+00	-1.760468E+01	0.000000E+00
1.363500000000E+06	-1.713281E+01	0.000000E+00	-1.761697E+01	0.000000E+00
1.365250000000E+06	-1.713149E+01	0.000000E+00	-1.762716E+01	0.000000E+00
1.367000000000E+06	-1.714933E+01	0.000000E+00	-1.764934E+01	0.000000E+00
1.368750000000E+06	-1.716279E+01	0.000000E+00	-1.766337E+01	0.000000E+00
1.370500000000E+06	-1.717856E+01	0.000000E+00	-1.765033E+01	0.000000E+00
1.372250000000E+06	-1.720167E+01	0.000000E+00	-1.766894E+01	0.000000E+00
1.374000000000E+06	-1.718736E+01	0.000000E+00	-1.768307E+01	0.000000E+00
1.375750000000E+06	-1.722335E+01	0.000000E+00	-1.768499E+01	0.000000E+00
1.377500000000E+06	-1.722285E+01	0.000000E+00	-1.770186E+01	0.000000E+00
1.379250000000E+06	-1.724072E+01	0.000000E+00	-1.771122E+01	0.000000E+00
1.381000000000E+06	-1.725867E+01	0.000000E+00	-1.772387E+01	0.000000E+00
1.382750000000E+06	-1.726187E+01	0.000000E+00	-1.772099E+01	0.000000E+00
1.384500000000E+06	-1.727754E+01	0.000000E+00	-1.773467E+01	0.000000E+00
1.386250000000E+06	-1.728196E+01	0.000000E+00	-1.774872E+01	0.000000E+00
1.388000000000E+06	-1.729403E+01	0.000000E+00	-1.776756E+01	0.000000E+00
1.389750000000E+06	-1.729799E+01	0.000000E+00	-1.775469E+01	0.000000E+00
1.391500000000E+06	-1.730090E+01	0.000000E+00	-1.777258E+01	0.000000E+00
1.393250000000E+06	-1.731536E+01	0.000000E+00	-1.778926E+01	0.000000E+00
1.395000000000E+06	-1.733483E+01	0.000000E+00	-1.779265E+01	0.000000E+00
1.396750000000E+06	-1.734356E+01	0.000000E+00	-1.778288E+01	0.000000E+00
1.398500000000E+06	-1.734574E+01	0.000000E+00	-1.779443E+01	0.000000E+00
1.400250000000E+06	-1.736457E+01	0.000000E+00	-1.780133E+01	0.000000E+00
1.402000000000E+06	-1.735818E+01	0.000000E+00	-1.781082E+01	0.000000E+00
1.403750000000E+06	-1.737301E+01	0.000000E+00	-1.781327E+01	0.000000E+00
1.405500000000E+06	-1.739032E+01	0.000000E+00	-1.783809E+01	0.000000E+00
1.407250000000E+06	-1.738824E+01	0.000000E+00	-1.783702E+01	0.000000E+00
1.409000000000E+06	-1.738969E+01	0.000000E+00	-1.785600E+01	0.000000E+00
1.410750000000E+06	-1.741645E+01	0.000000E+00	-1.785201E+01	0.000000E+00
1.412500000000E+06	-1.738766E+01	0.000000E+00	-1.786012E+01	0.000000E+00
1.414250000000E+06	-1.740812E+01	0.000000E+00	-1.787345E+01	0.000000E+00
1.416000000000E+06	-1.741814E+01	0.000000E+00	-1.787928E+01	0.000000E+00
1.417750000000E+06	-1.742089E+01	0.000000E+00	-1.789216E+01	0.000000E+00
1.419500000000E+06	-1.743612E+01	0.000000E+00	-1.789046E+01	0.000000E+00
1.421250000000E+06	-1.741630E+01	0.000000E+00	-1.790341E+01	0.000000E+00
1.423000000000E+06	-1.743287E+01	0.000000E+00	-1.792275E+01	0.000000E+00
1.424750000000E+06	-1.742171E+01	0.000000E+00	-1.792439E+01	0.000000E+00
1.426500000000E+06	-1.741720E+01	0.000000E+00	-1.791708E+01	0.000000E+00
1.428250000000E+06	-1.740187E+01	0.000000E+00	-1.793580E+01	0.000000E+00
1.430000000000E+06	-1.741818E+01	0.000000E+00	-1.794044E+01	0.000000E+00
1.431750000000E+06	-1.742124E+01	0.000000E+00	-1.795870E+01	0.000000E+00
1.433500000000E+06	-1.743229E+01	0.000000E+00	-1.795201E+01	0.000000E+00
1.435250000000E+06	-1.741972E+01	0.000000E+00	-1.797836E+01	0.000000E+00
1.437000000000E+06	-1.741200E+01	0.000000E+00	-1.797616E+01	0.000000E+00
1.438750000000E+06	-1.738844E+01	0.000000E+00	-1.797670E+01	0.000000E+00
1.440500000000E+06	-1.742774E+01	0.000000E+00	-1.798395E+01	0.000000E+00
1.442250000000E+06	-1.743533E+01	0.000000E+00	-1.800798E+01	0.000000E+00
1.444000000000E+06	-1.743399E+01	0.000000E+00	-1.799574E+01	0.000000E+00
1.445750000000E+06	-1.742621E+01	0.000000E+00	-1.801371E+01	0.000000E+00
1.447500000000E+06	-1.742201E+01	0.000000E+00	-1.801091E+01	0.000000E+00
1.449250000000E+06	-1.743085E+01	0.000000E+00	-1.803967E+01	0.000000E+00
1.451000000000E+06	-1.742483E+01	0.000000E+00	-1.802665E+01	0.000000E+00
1.452750000000E+06	-1.743971E+01	0.000000E+00	-1.803349E+01	0.000000E+00
1.454500000000E+06	-1.743572E+01	0.000000E+00	-1.806019E+01	0.000000E+00
1.456250000000E+06	-1.742124E+01	0.000000E+00	-1.806040E+01	0.000000E+00
1.458000000000E+06	-1.744258E+01	0.000000E+00	-1.805459E+01	0.000000E+00
1.459750000000E+06	-1.741766E+01	0.000000E+00	-1.806964E+01	0.000000E+00
1.461500000000E+06	-1.741797E+01	0.000000E+00	-1.807303E+01	0.000000E+00
1.463250000000E+06	-1.745085E+01	0.000000E+00	-1.808965E+01	0.000000E+00
1.465000000000E+06	-1.743629E+01	0.000000E+00	-1.808759E+01	0.000000E+00
1.466750000000E+06	-1.744091E+01	0.000000E+00	-1.811064E+01	0.000000E+00
1.468500000000E+06	-1.741882E+01	0.000000E+00	-1.810479E+01	0.000000E+00
1.470250000000E+06	-1.743641E+01	0.000000E+00	-1.809477E+01	0.000000E+00
1.472000000000E+06	-1.739592E+01	0.000000E+00	-1.811653E+01	0.000000E+00
1.473750000000E+06	-1.740144E+01	0.000000E+00	-1.812659E+01	0.000000E+00
1.475500000000E+06	-1.738844E+01	0.000000E+00	-1.813444E+01	0.000000E+00
1.477250000000E+06	-1.736640E+01	0.000000E+00	-1.813077E+01	0.000000E+00
1.479000000000E+06	-1.735150E+01	0.000000E+00	-1.814277E+01	0.000000E+00
1.480750000000E+06	-1.735443E+01	0.000000E+00	-1.814112E+01	0.000000E+00
1.482500000000E+06	-1.734575E+01	0.000000E+00	-1.813759E+01	0.000000E+00
1.484250000000E+06	-1.734871E+01	0.000000E+00	-1.815220E+01	0.000000E+00
1.486000000000E+06	-1.733013E+01	0.000000E+00	-1.817301E+01	0.000000E+00
1.487750000000E+06	-1.732036E+01	0.000000E+00	-1.816296E+01	0.000000E+00
1.489500000000E+06	-1.727073E+01	0.000000E+00	-1.817724E+01	0.000000E+00
1.491250000000E+06	-1.727526E+01	0.000000E+00	-1.816603E+01	0.000000E+00
1.493000000000E+06	-1.727423E+01	0.000000E+00	-1.818398E+01	0.000000E+00
1.494750000000E+06	-1.726591E+01	0.000000E+00	-1.819114E+01	0.000000E+00
1.496500000000E+06	-1.724616E+01	0.000000E+00	-1.817336E+01	0.000000E+00
1.498250000000E+06	-1.722619E+01	0.000000E+00	-1.819140E+01	0.000000E+00
1.500000000000E+06	-1.722073E+01	0.000000E+00	-1.819836E+01	0.000000E+00
